222
4
2

2
1
6


1
0
1
6
0
10362
0
0
0
1
375
0
0
26
4096
4096
32767
2049
2048
2048
0
0
0
32767
4096


1
0
1
6
0
10362
0
0
0
1
375
0
0
26
4096
4096
32767
2049
2048
2048
0
0
0
32767
4096


1
0
1
6
0
10362
0
0
0
1
375
0
0
26
4096
4096
32767
2049
2048
2048
0
0
0
32767
4096


L1
0
1
6
0
10362
0
0
0
1
375
0
0
26
4096
4096
32767
2049
2048
2048
0
0
0
32767
4096


1
0
1
6
0
8230
0
0
0
1
375
0
0
26
4096
4096
32767
2049
2048
2048
0
0
0
32767
4096


1
0
1
6
0
8230
0
0
0
1
375
0
0
26
4096
4096
32767
2049
2048
2048
0
0
0
32767
4096


1
64
2981
997
257
-213
-38
10
-108
-78
-144
-120
-35
17
18
21
46
33
6
1
16
11
1
-1
-3
-8
-5
0
10
17
21
19
17
12
9
6
6
5
5
4
4
3
3
3
4
3
3
3
3
2
2
1
1
1
1
1
0
0
0
0
0
0
0
0
0
0
