222
4
2

1
1
6


1
0
1
3
1
8230
0
0
0
1
375
0
0
26
4096
4096
32767
2049
2048
2048
0
0
0
32767
4096


1
0
1
3
1
8230
0
0
0
1
375
0
0
26
4096
4096
32767
2049
2048
2048
0
0
0
32767
4096


1
0
1
3
1
8230
0
0
0
1
375
0
0
26
4096
4096
32767
2049
2048
2048
0
0
0
32767
4096


1
0
1
3
1
2319
0
0
0
1
375
0
0
26
4096
4096
32767
2049
2048
2048
0
0
0
32767
4096


1
0
1
3
1
2319
0
0
0
1
375
0
0
26
4096
4096
32767
2049
2048
2048
0
0
0
32767
4096


1
0
1
3
1
2319
0
0
0
1
375
0
0
26
4096
4096
32767
2049
2048
2048
0
0
0
32767
4096


1
32
3595
-670
-51
383
520
412
199
10
-89
-103
-72
-38
-20
-17
-16
-8
3
15
20
17
9
0
-4
-6
-4
-1
0
0
0
0
0
0
0
0
0
0
0
0
0
0
0
0
0
0
0
0
0
0
0
0
0
0
0
0
0
0
0
0
0
0
0
0
0
0
