222
4
2

8
1
6


1
0
1
0
0
10362
0
0
0
1
375
0
0
26
4096
4096
32767
2049
2048
2048
0
0
0
32767
4096


1
0
1
0
0
10362
0
0
0
1
375
0
0
26
4096
4096
32767
2049
2048
2048
0
0
0
32767
4096


1
0
1
0
0
10362
0
0
0
1
375
0
0
26
4096
4096
32767
2049
2048
2048
0
0
0
32767
4096


1
0
1
0
0
10362
0
0
0
1
375
0
0
26
4096
4096
32767
2049
2048
2048
0
0
0
32767
4096


1
0
1
0
0
10362
0
0
0
1
375
0
0
26
4096
4096
32767
2049
2048
2048
0
0
0
32767
4096


1
0
1
0
0
10362
0
0
0
1
375
0
0
26
4096
4096
32767
2049
2048
2048
0
0
0
32767
4096


0
32
3193
-701
451
95
-350
-272
-139
-177
-179
-96
-57
-73
-68
-37
-22
-21
-11
2
6
3
1
1
0
-1
0
1
1
1
1
0
0
0
0
0
0
0
0
0
0
0
0
0
0
0
0
0
0
0
0
0
0
0
0
0
0
0
0
0
0
0
0
0
0
0
