222
4
2

4
1
6


1
0
1
0
0
10362
0
0
0
1
375
0
0
26
4096
4096
32767
2049
2048
2048
0
0
0
32767
4096


1
0
1
0
0
10362
0
0
0
1
375
0
0
26
4096
4096
32767
2049
2048
2048
0
0
0
32767
4096


1
0
1
0
0
10362
0
0
0
1
375
0
0
26
4096
4096
32767
2049
2048
2048
0
0
0
32767
4096


1
0
1
0
0
10362
0
0
0
1
375
0
0
26
4096
4096
32767
2049
2048
2048
0
0
0
32767
4096


1
0
1
0
0
10362
0
0
0
1
375
0
0
26
4096
4096
32767
2049
2048
2048
0
0
0
32767
4096


1
0
1
0
0
10362
0
0
0
1
375
0
0
26
4096
4096
32767
2049
2048
2048
0
0
0
32767
4096


1
32
3994
-198
-182
-165
-146
-127
-108
-89
-71
-55
-40
-27
-16
-6
0
5
9
12
13
13
13
11
10
8
7
5
3
2
1
0
0
0
0
0
0
0
0
0
0
0
0
0
0
0
0
0
0
0
0
0
0
0
0
0
0
0
0
0
0
0
0
0
0
0
