191
4
3

2
1

1
0
0
100
1
18
1
250
1
63
0
8192
2048
0
128
8192
1024
96
8192
768
1
767
8000
6000
512
256
256
5000
280
4125
16384
512
512
768
150
16384
16384
1
8000
32
64
64
16800
1024
0
2549
14
0
8192
8192
2048
40
2048
1568
40
2048
1568
1
776
32
1024
800
32
1024
800
1
776
1
32767
8192
23062
-11398
-2622
4704
8698
8807
4494
835
481
209
6655
7358
-1669
4806
-598
-880
16
655
1024
16
1638
181
10
16384
10000
16000
5000
128
9830
16384
6554
6554
9830
512
12288
10240
400
230
26213
0
7
16384
256
4096
12055
32442
23170
4096
0
0
0
32
1426
1131
1022
482
143
-48
-55
-135
96
14
46
-56
20
-38
35
-18
27
-24
12
-16
17
-9
8
-8
5
-3
3
-2
1
0
0
0
0
0
0
0
0
0
0
0
0
0
0
0
0
0
0
0
0
0
0
0
0
0
0
0
0
0
0
0
0
0
0
0
